	(1)	(2)	(3)	(4)	(5)	(6)	(7)	(8)	(9)	(10)	(11)	(12)	(13)	(14)	(15)	(16)	(17)	(18)	(19)
VARIABLES	1992	1993	1994	1995	1996	1997	1998	1999	2000	2001	2002	2003	2004	2005	2006	2007	2008	2009	2010
																			
rtr_kume_main	-0.3152	-0.1630	-0.1383	-1.4495***	-2.0454***	-3.1129***	-3.2117***	-3.4416***	-3.7478***	-3.8119***	-4.7412***	-4.8117***	-5.1432***	-5.2147***	-5.2444***	-5.4490***	-5.4260***	-5.8161***	-6.0589***
	(0.247)	(0.304)	(0.346)	(0.400)	(0.456)	(0.503)	(0.504)	(0.523)	(0.516)	(0.538)	(0.485)	(0.525)	(0.537)	(0.545)	(0.523)	(0.537)	(0.540)	(0.543)	(0.560)
Constant	0.0150	0.0204	0.1500***	0.3307***	0.4199***	0.5761***	0.6183***	0.6766***	0.7623***	0.8345***	0.9780***	1.0341***	1.1519***	1.2034***	1.2679***	1.3526***	1.4104***	1.4801***	1.5720***
	(0.022)	(0.030)	(0.032)	(0.036)	(0.042)	(0.046)	(0.044)	(0.046)	(0.046)	(0.047)	(0.044)	(0.047)	(0.050)	(0.050)	(0.048)	(0.050)	(0.050)	(0.051)	(0.052)
																			
Observations	475	475	475	475	475	475	475	475	475	475	475	475	475	475	475	475	475	475	475
R-squared	0.002	0.000	0.000	0.023	0.030	0.067	0.065	0.070	0.072	0.078	0.125	0.122	0.125	0.126	0.132	0.136	0.128	0.145	0.149
Robust standard errors in parentheses																			
*** p<0.01, ** p<0.05, * p<0.1																			
