	(1)	(2)	(3)	(4)	(5)	(6)	(7)	(8)	(9)	(10)	(11)	(12)	(13)	(14)	(15)	(16)	(17)	(18)	(19)
VARIABLES	1992	1993	1994	1995	1996	1997	1998	1999	2000	2001	2002	2003	2004	2005	2006	2007	2008	2009	2010
																			
rtr_kume_main	-0.3907	-0.2152	0.2974	-1.3096***	-1.8623***	-2.9673***	-2.9607***	-3.0115***	-3.1595***	-3.0714***	-4.1240***	-4.0490***	-4.2958***	-4.2634***	-4.2735***	-4.4666***	-4.4357***	-4.7876***	-4.9640***
	(0.279)	(0.321)	(0.390)	(0.466)	(0.556)	(0.577)	(0.609)	(0.636)	(0.636)	(0.664)	(0.588)	(0.619)	(0.636)	(0.633)	(0.613)	(0.621)	(0.629)	(0.615)	(0.627)
Constant	0.0123	0.0066	0.1001***	0.3050***	0.3943***	0.5548***	0.5936***	0.6432***	0.7165***	0.7758***	0.9355***	0.9757***	1.0785***	1.1260***	1.1906***	1.2707***	1.3269***	1.3965***	1.4924***
	(0.027)	(0.034)	(0.038)	(0.043)	(0.053)	(0.054)	(0.054)	(0.057)	(0.058)	(0.059)	(0.055)	(0.055)	(0.058)	(0.059)	(0.057)	(0.057)	(0.058)	(0.058)	(0.059)
																			
Observations	334	334	334	334	334	334	334	334	334	334	334	334	334	334	334	334	334	334	334
R-squared	0.003	0.001	0.001	0.017	0.022	0.056	0.051	0.049	0.046	0.048	0.092	0.088	0.088	0.085	0.089	0.094	0.088	0.103	0.106
Robust standard errors in parentheses																			
*** p<0.01, ** p<0.05, * p<0.1																			
