	(1)	(2)	(3)	(4)	(5)	(6)	(7)	(8)	(9)	(10)	(11)	(12)	(13)	(14)	(15)	(16)	(17)	(18)	(19)	(20)
VARIABLES	1991	1992	1993	1994	1995	1996	1997	1998	1999	2000	2001	2002	2003	2004	2005	2006	2007	2008	2009	2010
																				
rtr_kume_main	-0.0258**	-0.0440***	-0.0356	0.0215	0.1442***	0.1379***	0.1871***	0.1456***	0.0886***	0.1378***	0.1301***	0.0720***	0.0696***	0.1790***	0.2417***	0.3404***	0.4484***	0.7777***	0.4890***	0.7730***
	(0.011)	(0.014)	(0.023)	(0.023)	(0.024)	(0.019)	(0.022)	(0.030)	(0.029)	(0.028)	(0.026)	(0.023)	(0.020)	(0.015)	(0.019)	(0.029)	(0.046)	(0.083)	(0.034)	(0.064)
state2	-0.0005	-0.0006	-0.0007	-0.0003	0.0006	0.0001	0.0004	-0.0001	-0.0003	0.0005	0.0006	0.0002	-0.0001	0.0010	0.0016	0.0021	0.0029	0.0057	0.0035**	0.0057*
	(0.000)	(0.000)	(0.001)	(0.001)	(0.001)	(0.001)	(0.001)	(0.001)	(0.001)	(0.001)	(0.001)	(0.000)	(0.000)	(0.001)	(0.001)	(0.001)	(0.002)	(0.004)	(0.002)	(0.003)
state3	-0.0021***	-0.0030***	-0.0043***	-0.0041**	-0.0029**	-0.0029**	-0.0032**	-0.0059***	-0.0049***	-0.0028	-0.0029	-0.0034*	-0.0032**	0.0016**	0.0032***	0.0077**	0.0095**	0.0144***	0.0042**	0.0095***
	(0.001)	(0.001)	(0.002)	(0.002)	(0.001)	(0.001)	(0.001)	(0.002)	(0.002)	(0.002)	(0.002)	(0.002)	(0.001)	(0.001)	(0.001)	(0.004)	(0.004)	(0.005)	(0.002)	(0.003)
state4	-0.0002	0.0000	-0.0004	-0.0023***	-0.0061***	-0.0064***	-0.0081***	-0.0072***	-0.0050***	-0.0056***	-0.0052***	-0.0035***	-0.0036***	-0.0059***	-0.0073***	-0.0101***	-0.0134***	-0.0218***	-0.0149***	-0.0224***
	(0.000)	(0.000)	(0.000)	(0.000)	(0.000)	(0.000)	(0.000)	(0.001)	(0.001)	(0.001)	(0.001)	(0.000)	(0.000)	(0.001)	(0.001)	(0.001)	(0.002)	(0.003)	(0.002)	(0.003)
state5	-0.0004***	-0.0004	-0.0004	-0.0011***	-0.0021***	-0.0025***	-0.0032***	-0.0032***	-0.0024***	-0.0023***	-0.0022***	-0.0017***	-0.0018***	-0.0020***	-0.0024***	-0.0032***	-0.0043***	-0.0066**	-0.0048***	-0.0071***
	(0.000)	(0.000)	(0.000)	(0.000)	(0.001)	(0.001)	(0.001)	(0.001)	(0.000)	(0.000)	(0.000)	(0.000)	(0.000)	(0.001)	(0.001)	(0.001)	(0.002)	(0.003)	(0.002)	(0.003)
state6	0.0002	0.0004	0.0014	0.0014	0.0030	0.0013	0.0019	0.0022	0.0016	0.0014	0.0007	0.0001	-0.0005	-0.0010	-0.0011	-0.0016	-0.0033**	-0.0061**	-0.0023	-0.0038
	(0.001)	(0.001)	(0.001)	(0.001)	(0.003)	(0.003)	(0.003)	(0.003)	(0.002)	(0.002)	(0.001)	(0.001)	(0.001)	(0.001)	(0.001)	(0.001)	(0.002)	(0.003)	(0.002)	(0.003)
o.state7	-	-	-	-	-	-	-	-	-	-	-	-	-	-	-	-	-	-	-	-
																				
state8	-0.0004**	-0.0010**	-0.0009	-0.0008	-0.0004	-0.0013***	-0.0014***	-0.0013**	-0.0011**	-0.0007	-0.0006	-0.0007*	-0.0006	0.0004	0.0007	0.0010	0.0013	0.0028	0.0009	0.0022
	(0.000)	(0.000)	(0.001)	(0.001)	(0.001)	(0.000)	(0.001)	(0.001)	(0.001)	(0.001)	(0.001)	(0.000)	(0.000)	(0.001)	(0.001)	(0.001)	(0.001)	(0.003)	(0.001)	(0.003)
state9	-0.0001	-0.0006	-0.0008	-0.0006	-0.0001	0.0010	0.0005	-0.0001	-0.0005	0.0004	0.0001	-0.0001	0.0001	0.0010	0.0013	0.0022	0.0033	0.0062	0.0026	0.0054
	(0.000)	(0.001)	(0.001)	(0.001)	(0.001)	(0.002)	(0.002)	(0.001)	(0.001)	(0.001)	(0.001)	(0.001)	(0.001)	(0.001)	(0.001)	(0.002)	(0.003)	(0.005)	(0.003)	(0.005)
state10	0.0000	-0.0002	0.0000	-0.0004	-0.0010	-0.0001	-0.0012	-0.0016*	-0.0014**	-0.0011	-0.0014**	-0.0011**	-0.0010**	-0.0012	-0.0015	-0.0020	-0.0031	-0.0039	-0.0033	-0.0045
	(0.000)	(0.000)	(0.000)	(0.000)	(0.001)	(0.001)	(0.001)	(0.001)	(0.001)	(0.001)	(0.001)	(0.000)	(0.000)	(0.001)	(0.001)	(0.002)	(0.002)	(0.003)	(0.002)	(0.003)
state11	-0.0042***	-0.0060***	-0.0092**	-0.0089**	-0.0083**	-0.0049*	-0.0073**	-0.0121***	-0.0119***	-0.0095***	-0.0100***	-0.0093***	-0.0076***	0.0001	0.0016	0.0054**	0.0115***	0.0233***	0.0041	0.0075*
	(0.001)	(0.002)	(0.004)	(0.003)	(0.003)	(0.003)	(0.003)	(0.005)	(0.004)	(0.004)	(0.004)	(0.003)	(0.003)	(0.001)	(0.001)	(0.002)	(0.004)	(0.009)	(0.003)	(0.004)
state12	0.0001	-0.0001	0.0007	0.0008	0.0015***	0.0023***	0.0017***	0.0009	0.0004	0.0007	0.0002	0.0001	0.0003	0.0007	0.0006	0.0008	0.0013	0.0028	0.0014	0.0023
	(0.000)	(0.000)	(0.001)	(0.001)	(0.000)	(0.001)	(0.001)	(0.001)	(0.001)	(0.001)	(0.001)	(0.000)	(0.000)	(0.001)	(0.001)	(0.001)	(0.002)	(0.003)	(0.002)	(0.003)
state13	0.0005*	0.0004	0.0011*	0.0013*	0.0017	0.0019*	0.0010	0.0011	0.0008	0.0005	0.0003	0.0006	0.0008	0.0004	-0.0002	-0.0011	-0.0007	-0.0009	-0.0002	-0.0012
	(0.000)	(0.000)	(0.001)	(0.001)	(0.001)	(0.001)	(0.001)	(0.001)	(0.001)	(0.001)	(0.001)	(0.001)	(0.001)	(0.001)	(0.002)	(0.002)	(0.003)	(0.005)	(0.003)	(0.005)
state14	-0.0000	-0.0003	-0.0002	0.0004	0.0019***	0.0028***	0.0023***	0.0015**	0.0007	0.0016**	0.0013	0.0010*	0.0013**	0.0029***	0.0030***	0.0037***	0.0062***	0.0111***	0.0060***	0.0093***
	(0.000)	(0.000)	(0.001)	(0.000)	(0.001)	(0.001)	(0.001)	(0.001)	(0.001)	(0.001)	(0.001)	(0.001)	(0.001)	(0.001)	(0.001)	(0.001)	(0.002)	(0.003)	(0.002)	(0.003)
state15	-0.0078*	-0.0105**	-0.0170**	-0.0163**	-0.0153**	-0.0110*	-0.0129**	-0.0204**	-0.0200**	-0.0145*	-0.0147**	-0.0141**	-0.0117**	0.0021	0.0061**	0.0129**	0.0249**	0.0477**	0.0130**	0.0223**
	(0.004)	(0.005)	(0.008)	(0.008)	(0.008)	(0.006)	(0.007)	(0.010)	(0.010)	(0.007)	(0.007)	(0.007)	(0.006)	(0.001)	(0.003)	(0.006)	(0.012)	(0.023)	(0.006)	(0.010)
state16	-0.0018	-0.0025*	-0.0036	-0.0031	-0.0016	0.0007	0.0003	-0.0028	-0.0031	0.0014	0.0002	-0.0008	-0.0002	0.0042**	0.0058***	0.0095***	0.0145***	0.0255***	0.0106***	0.0203***
	(0.001)	(0.001)	(0.002)	(0.002)	(0.002)	(0.002)	(0.002)	(0.003)	(0.003)	(0.003)	(0.002)	(0.002)	(0.002)	(0.002)	(0.002)	(0.003)	(0.005)	(0.009)	(0.003)	(0.007)
state17	0.0001	-0.0000	0.0011*	0.0013**	0.0021***	0.0017**	0.0017**	0.0013	0.0011	0.0011	0.0008	0.0006	0.0007	0.0015*	0.0015	0.0019	0.0020	0.0031	0.0022	0.0032
	(0.000)	(0.000)	(0.001)	(0.001)	(0.001)	(0.001)	(0.001)	(0.001)	(0.001)	(0.001)	(0.001)	(0.001)	(0.001)	(0.001)	(0.001)	(0.001)	(0.002)	(0.003)	(0.002)	(0.003)
state18	-0.0016**	-0.0021*	-0.0029	-0.0029	-0.0026*	-0.0024**	-0.0030**	-0.0044**	-0.0042**	-0.0031**	-0.0032**	-0.0029**	-0.0027**	-0.0002	0.0004	0.0011	0.0032	0.0066	0.0011	0.0023
	(0.001)	(0.001)	(0.002)	(0.002)	(0.002)	(0.001)	(0.001)	(0.002)	(0.002)	(0.002)	(0.002)	(0.001)	(0.001)	(0.001)	(0.002)	(0.003)	(0.005)	(0.008)	(0.004)	(0.006)
state19	-0.0066	-0.0089	-0.0139	-0.0129	-0.0111	-0.0071	-0.0084	-0.0147	-0.0150	-0.0106	-0.0111	-0.0110	-0.0090	0.0032	0.0067	0.0128	0.0234	0.0442	0.0146	0.0236
	(0.006)	(0.008)	(0.012)	(0.012)	(0.012)	(0.009)	(0.010)	(0.015)	(0.015)	(0.011)	(0.011)	(0.010)	(0.009)	(0.002)	(0.005)	(0.009)	(0.018)	(0.034)	(0.009)	(0.016)
state20	0.0013**	0.0015*	0.0042***	0.0056***	0.0086***	0.0091***	0.0104***	0.0102***	0.0083***	0.0081***	0.0077***	0.0063***	0.0061***	0.0060***	0.0058***	0.0056***	0.0067**	0.0116**	0.0108***	0.0151***
	(0.001)	(0.001)	(0.001)	(0.001)	(0.002)	(0.001)	(0.002)	(0.002)	(0.002)	(0.002)	(0.002)	(0.001)	(0.001)	(0.001)	(0.001)	(0.002)	(0.003)	(0.006)	(0.003)	(0.005)
state21	0.0004**	0.0005	0.0029***	0.0029***	0.0039***	0.0047***	0.0046***	0.0025***	0.0014**	0.0021***	0.0008	0.0006	0.0008	0.0011	0.0009	0.0009	0.0017	0.0036	0.0019	0.0038
	(0.000)	(0.000)	(0.001)	(0.001)	(0.001)	(0.001)	(0.001)	(0.001)	(0.001)	(0.001)	(0.001)	(0.001)	(0.001)	(0.001)	(0.001)	(0.001)	(0.002)	(0.003)	(0.002)	(0.003)
state22	0.0015*	0.0016**	0.0022**	0.0016	0.0018	0.0014	0.0011	0.0010	-0.0001	-0.0022	-0.0020	-0.0010	-0.0016	-0.0032***	-0.0022	-0.0037	-0.0065*	-0.0073	-0.0023	-0.0033
	(0.001)	(0.001)	(0.001)	(0.001)	(0.001)	(0.002)	(0.002)	(0.002)	(0.002)	(0.002)	(0.002)	(0.002)	(0.001)	(0.001)	(0.002)	(0.003)	(0.003)	(0.008)	(0.005)	(0.008)
state23	0.0009***	0.0010*	0.0017*	0.0029***	0.0036**	0.0031*	0.0037*	0.0022	0.0012	0.0023	0.0019	0.0018	0.0016	0.0001	0.0001	-0.0005	-0.0000	0.0006	0.0009	0.0032
	(0.000)	(0.001)	(0.001)	(0.001)	(0.002)	(0.002)	(0.002)	(0.002)	(0.002)	(0.002)	(0.002)	(0.002)	(0.002)	(0.002)	(0.002)	(0.003)	(0.004)	(0.007)	(0.004)	(0.007)
state24	-0.0002***	-0.0001	0.0027***	0.0035***	0.0053***	0.0052***	0.0060***	0.0043***	0.0029**	0.0031**	0.0022**	0.0015	0.0019	0.0037**	0.0036*	0.0040*	0.0067**	0.0115**	0.0079**	0.0107**
	(0.000)	(0.000)	(0.001)	(0.001)	(0.001)	(0.001)	(0.002)	(0.001)	(0.001)	(0.001)	(0.001)	(0.001)	(0.001)	(0.002)	(0.002)	(0.002)	(0.003)	(0.005)	(0.003)	(0.005)
state25	0.0000	0.0004	0.0008	0.0007	-0.0006	-0.0013	-0.0012	-0.0018*	-0.0012	-0.0013	-0.0013*	-0.0008	-0.0008	-0.0018*	-0.0024**	-0.0039**	-0.0051**	-0.0080**	-0.0049**	-0.0080**
	(0.000)	(0.000)	(0.001)	(0.001)	(0.001)	(0.001)	(0.001)	(0.001)	(0.001)	(0.001)	(0.001)	(0.001)	(0.001)	(0.001)	(0.001)	(0.002)	(0.002)	(0.004)	(0.002)	(0.004)
state26	-0.0001	-0.0003	0.0005	0.0009*	0.0014***	0.0003	0.0002	-0.0000	-0.0002	-0.0002	-0.0005	-0.0004	-0.0002	0.0004	0.0001	0.0001	0.0005	0.0011	0.0005	0.0003
	(0.000)	(0.000)	(0.001)	(0.001)	(0.001)	(0.001)	(0.001)	(0.001)	(0.001)	(0.001)	(0.001)	(0.000)	(0.000)	(0.001)	(0.001)	(0.002)	(0.002)	(0.004)	(0.002)	(0.003)
state27	0.0016	0.0025*	0.0045**	0.0048**	0.0043*	0.0033*	0.0042**	0.0056*	0.0045	0.0012	0.0015	0.0016	0.0005	-0.0039***	-0.0050***	-0.0085***	-0.0122***	-0.0197**	-0.0066**	-0.0139**
	(0.001)	(0.001)	(0.002)	(0.002)	(0.002)	(0.002)	(0.002)	(0.003)	(0.003)	(0.003)	(0.003)	(0.002)	(0.002)	(0.001)	(0.002)	(0.003)	(0.004)	(0.008)	(0.003)	(0.006)
Constant	0.0011***	0.0013***	0.0015**	0.0020***	0.0023***	0.0028***	0.0031***	0.0041***	0.0029***	0.0013	0.0011	0.0011	0.0014**	-0.0001	-0.0007	-0.0009	-0.0009	-0.0027	-0.0002	-0.0016
	(0.000)	(0.000)	(0.001)	(0.001)	(0.001)	(0.001)	(0.001)	(0.001)	(0.001)	(0.001)	(0.001)	(0.001)	(0.001)	(0.001)	(0.001)	(0.001)	(0.002)	(0.003)	(0.001)	(0.002)
																				
Observations	475	475	475	475	475	475	475	475	475	475	475	475	475	475	475	475	475	475	475	475
R-squared	0.158	0.174	0.155	0.168	0.354	0.423	0.466	0.300	0.223	0.323	0.315	0.229	0.254	0.688	0.671	0.599	0.504	0.479	0.698	0.663
Robust standard errors in parentheses																				
*** p<0.01, ** p<0.05, * p<0.1																				
