	(1)	(2)	(3)	(4)	(5)	(6)	(7)	(8)	(9)	(10)	(11)	(12)	(13)	(14)	(15)	(16)	(17)	(18)	(19)
VARIABLES	1992	1993	1994	1995	1996	1997	1998	1999	2000	2001	2002	2003	2004	2005	2006	2007	2008	2009	2010
																			
rtr_kume_main	0.27188	0.37216	-0.21512	1.21679***	2.11669***	2.40980***	2.38955***	2.49475***	2.66454***	2.76006***	3.13995***	3.45899***	3.70449***	3.82851***	3.78897***	3.93814***	3.76708***	3.93035***	3.91342***
	(0.419)	(0.410)	(0.384)	(0.427)	(0.499)	(0.496)	(0.534)	(0.527)	(0.539)	(0.564)	(0.600)	(0.648)	(0.667)	(0.659)	(0.647)	(0.674)	(0.688)	(0.696)	(0.706)
dest_86_90	0.13423***	0.13578**	0.09680*	0.10276	0.03741	0.03574	0.00717	0.01302	-0.03413	0.01308	-0.02259	-0.04031	-0.04502	-0.05237	-0.05415	-0.08038	-0.11572	-0.10212	-0.10923
	(0.049)	(0.066)	(0.055)	(0.063)	(0.076)	(0.085)	(0.102)	(0.105)	(0.098)	(0.109)	(0.120)	(0.127)	(0.126)	(0.127)	(0.127)	(0.131)	(0.143)	(0.143)	(0.144)
_Istate_2	0.25469***	-0.11125	-0.10465	0.04828	-0.14884	-0.20326***	-0.12982***	0.04062	-0.07234	-0.06007	-0.06916	-0.16113	-0.14110	-0.24561*	-0.28600***	-0.31141**	-0.33592***	-0.33097***	-0.33641***
	(0.012)	(0.130)	(0.101)	(0.169)	(0.112)	(0.021)	(0.036)	(0.090)	(0.117)	(0.085)	(0.118)	(0.120)	(0.113)	(0.148)	(0.098)	(0.135)	(0.105)	(0.105)	(0.096)
_Istate_3	-0.46783***	-0.45014***	-0.40505***	-0.17689	-0.09126	-0.11821	0.42040**	0.37945**	0.50573***	0.50526***	0.07487	0.13079***	0.06806	0.15421***	0.13989**	0.02999	0.47663***	0.49468***	0.47230***
	(0.152)	(0.142)	(0.132)	(0.216)	(0.078)	(0.151)	(0.203)	(0.155)	(0.097)	(0.111)	(0.077)	(0.036)	(0.078)	(0.052)	(0.065)	(0.142)	(0.087)	(0.053)	(0.064)
_Istate_4	-1.68645***	-2.62975***	0.00995	-1.08347***	-1.59216***	-1.31335***	-1.45532***	-0.55366***	-0.72558***	-0.48800***	-1.02975***	-1.05673***	-1.27595***	-1.27806***	-1.28101***	-1.44984***	-1.59760***	-1.66036***	-1.74493***
	(0.025)	(0.033)	(0.014)	(0.032)	(0.039)	(0.044)	(0.053)	(0.055)	(0.051)	(0.057)	(0.063)	(0.067)	(0.066)	(0.067)	(0.067)	(0.069)	(0.075)	(0.075)	(0.076)
_Istate_5	-0.41527***	-0.12223	-0.21706	0.07528	-0.02214	0.33294**	0.31807***	0.32290***	0.26844***	0.22949***	0.15299*	0.11007	0.03000	0.08146*	0.08871***	0.10022***	0.18878*	0.27975**	0.28016***
	(0.134)	(0.133)	(0.250)	(0.299)	(0.243)	(0.136)	(0.047)	(0.056)	(0.043)	(0.035)	(0.088)	(0.090)	(0.109)	(0.046)	(0.032)	(0.031)	(0.107)	(0.110)	(0.107)
_Istate_6	-0.01517	0.07797	0.02650	-0.26941	-0.60934	-0.27981	-0.56072	-0.80660	-0.93142	-1.07541	-0.88063	-0.98341*	-1.26711*	-1.34887**	-1.14445**	-1.31868**	-1.25291**	-1.09920**	-0.98336**
	(0.273)	(0.197)	(0.198)	(0.357)	(0.624)	(0.511)	(0.458)	(0.575)	(0.624)	(0.805)	(0.589)	(0.556)	(0.699)	(0.674)	(0.475)	(0.549)	(0.561)	(0.524)	(0.467)
_Istate_7	-0.42906***	-0.04296**	0.04106***	0.08842***	0.01404	0.25470***	0.17146***	0.13633***	0.11940***	0.04105	0.07301***	0.05168*	-0.04371	-0.03193	-0.07328**	-0.07940**	-0.02629	-0.01182	-0.02396
	(0.036)	(0.019)	(0.012)	(0.017)	(0.020)	(0.025)	(0.024)	(0.023)	(0.024)	(0.026)	(0.026)	(0.028)	(0.031)	(0.032)	(0.036)	(0.039)	(0.040)	(0.049)	(0.048)
_Istate_8	-0.42235***	-0.18092***	-0.13517***	0.31594***	-0.05306***	-0.37460***	-0.12429***	-0.16002***	-0.09073***	0.07772***	0.05417***	-0.04999**	-0.09567***	-0.13188***	-0.21677***	-0.10650***	-0.14263***	-0.08258***	-0.17111***
	(0.010)	(0.010)	(0.011)	(0.011)	(0.013)	(0.014)	(0.016)	(0.016)	(0.016)	(0.017)	(0.019)	(0.020)	(0.020)	(0.020)	(0.020)	(0.021)	(0.023)	(0.023)	(0.023)
_Istate_9	-0.61028***	-0.29987***	-0.13702**	-0.11665***	-0.33533***	-0.12182**	-0.10689*	-0.09678	-0.23214***	-0.17862**	-0.23676***	-0.23890***	-0.19360***	-0.16774**	-0.18951**	-0.15784**	-0.10187	-0.08327	-0.11157
	(0.053)	(0.054)	(0.065)	(0.044)	(0.053)	(0.047)	(0.054)	(0.059)	(0.081)	(0.070)	(0.086)	(0.068)	(0.071)	(0.067)	(0.075)	(0.068)	(0.079)	(0.074)	(0.075)
_Istate_10	-0.35620***	-0.15010	-0.11843	-0.04513	-0.29105	-0.02948	-0.11105	-0.06645	-0.09394	-0.05331	-0.12882	-0.19433	-0.25185	-0.22725	-0.23296	-0.17503	-0.12309	-0.05963	-0.02719
	(0.051)	(0.195)	(0.184)	(0.189)	(0.244)	(0.148)	(0.167)	(0.185)	(0.178)	(0.151)	(0.152)	(0.154)	(0.178)	(0.202)	(0.179)	(0.180)	(0.176)	(0.171)	(0.172)
_Istate_11	-0.43061***	0.15679*	0.47088***	-0.19758*	-0.28126***	-0.05328	-0.10371	-0.03970	0.05419	0.07424	0.10715	0.15705*	0.15119*	0.15301**	0.13624*	0.15321**	0.12119	0.24316***	0.20379***
	(0.037)	(0.081)	(0.075)	(0.104)	(0.103)	(0.092)	(0.104)	(0.097)	(0.115)	(0.102)	(0.090)	(0.087)	(0.082)	(0.077)	(0.079)	(0.077)	(0.084)	(0.048)	(0.075)
_Istate_12	-0.36218***	-0.10598	-0.10550	0.08326**	0.03497	0.23876***	0.13267*	0.17383**	0.17252***	0.17819***	0.16010*	0.18008**	0.14914	0.12323	0.10326	0.11504	0.10679	0.13686	0.11912
	(0.054)	(0.100)	(0.069)	(0.042)	(0.046)	(0.063)	(0.078)	(0.078)	(0.062)	(0.065)	(0.083)	(0.077)	(0.094)	(0.102)	(0.097)	(0.098)	(0.109)	(0.109)	(0.111)
_Istate_13	-0.43914***	-0.20256*	-0.22661***	-0.18268**	-0.32471***	-0.06412	0.03194	0.10689	0.05587	0.13859***	0.13966**	0.13026**	0.12736**	0.10901*	0.09271	0.03324	0.08491	0.18921***	0.22684***
	(0.037)	(0.117)	(0.040)	(0.087)	(0.048)	(0.113)	(0.079)	(0.111)	(0.092)	(0.051)	(0.063)	(0.056)	(0.057)	(0.061)	(0.060)	(0.090)	(0.075)	(0.066)	(0.074)
_Istate_14	-0.47174***	-0.01623	0.19048	0.15801	0.15476	0.24716*	0.07804	0.06262	0.07899	0.10077	0.08845	0.07018	0.08269	0.06960	0.03619	-0.00767	-0.06725	0.00018	-0.05121
	(0.165)	(0.050)	(0.130)	(0.151)	(0.130)	(0.143)	(0.158)	(0.160)	(0.146)	(0.147)	(0.129)	(0.136)	(0.148)	(0.082)	(0.077)	(0.079)	(0.084)	(0.075)	(0.074)
_Istate_15	-0.42916***	-0.24198***	-0.10351*	-0.01146	-0.01905	0.18052***	0.11107**	0.12176**	0.09291	0.11553*	0.13320*	0.05322	0.03153	-0.01866	0.00760	0.02839	0.05679	0.08734	0.09923
	(0.049)	(0.061)	(0.056)	(0.039)	(0.046)	(0.064)	(0.055)	(0.053)	(0.065)	(0.069)	(0.077)	(0.085)	(0.093)	(0.106)	(0.093)	(0.097)	(0.097)	(0.101)	(0.111)
_Istate_16	-0.42284***	-0.12968**	-0.02833	-0.06036**	-0.14160***	0.06470**	-0.00156	0.03128	0.04154	0.03269	0.05301**	0.04730*	0.05590**	0.06562**	0.07221***	0.08590***	0.09853***	0.18481***	0.22253***
	(0.047)	(0.056)	(0.024)	(0.024)	(0.029)	(0.028)	(0.043)	(0.032)	(0.035)	(0.026)	(0.027)	(0.026)	(0.024)	(0.026)	(0.027)	(0.029)	(0.028)	(0.029)	(0.031)
_Istate_17	-0.41314***	-0.17827	-0.10980*	-0.22162	-0.33768**	-0.07561	-0.11292	-0.09444	-0.10469	-0.10630	-0.12803	-0.12080	-0.18155	-0.19589	-0.17538	-0.14412	-0.12170	-0.02451	-0.00195
	(0.015)	(0.108)	(0.063)	(0.151)	(0.148)	(0.151)	(0.148)	(0.149)	(0.140)	(0.154)	(0.139)	(0.140)	(0.129)	(0.146)	(0.171)	(0.173)	(0.173)	(0.187)	(0.189)
_Istate_18	-0.37752***	-0.19471***	-0.10433**	-0.08450	-0.26629***	0.01410	-0.02596	0.00286	0.03386	0.03181	0.02892	-0.00379	-0.00831	-0.00841	-0.00797	0.02144	0.05405	0.12765	0.16735**
	(0.053)	(0.043)	(0.047)	(0.069)	(0.038)	(0.038)	(0.049)	(0.062)	(0.056)	(0.044)	(0.052)	(0.062)	(0.063)	(0.066)	(0.072)	(0.076)	(0.081)	(0.078)	(0.082)
_Istate_19	-0.53462***	-0.25720***	-0.07682**	-0.08082*	-0.17702***	0.02870	-0.00000	0.07143*	0.08415*	0.06530	0.09881**	0.09555*	0.07369	0.09331*	0.10179**	0.09969*	0.13353***	0.22167***	0.27382***
	(0.042)	(0.038)	(0.033)	(0.042)	(0.043)	(0.047)	(0.042)	(0.042)	(0.045)	(0.046)	(0.049)	(0.052)	(0.052)	(0.052)	(0.051)	(0.054)	(0.050)	(0.055)	(0.053)
_Istate_20	-0.47285***	-0.11812**	-0.06669	0.05802	-0.02895	0.16973***	0.06240	0.12947***	0.15294***	0.15057***	0.16123***	0.14520***	0.14430***	0.17137***	0.18890***	0.19339***	0.22131***	0.31055***	0.35234***
	(0.036)	(0.045)	(0.050)	(0.056)	(0.046)	(0.047)	(0.057)	(0.047)	(0.047)	(0.037)	(0.039)	(0.036)	(0.034)	(0.032)	(0.036)	(0.044)	(0.043)	(0.052)	(0.049)
_Istate_21	-0.56677***	-0.33445***	-0.22113***	-0.17401***	-0.27956***	-0.07511	-0.05968	-0.00110	-0.00420	-0.02682	-0.01708	-0.02486	-0.04833	-0.04504	-0.01595	0.00310	0.04616	0.12754	0.16546**
	(0.081)	(0.077)	(0.053)	(0.063)	(0.056)	(0.049)	(0.076)	(0.058)	(0.054)	(0.049)	(0.048)	(0.066)	(0.067)	(0.070)	(0.071)	(0.071)	(0.070)	(0.077)	(0.083)
_Istate_22	-0.62852***	-0.34587***	-0.18992***	-0.06067***	-0.05242***	0.19585***	0.16262***	0.19003***	0.22706***	0.21830***	0.26064***	0.25012***	0.25970***	0.30526***	0.33526***	0.36779***	0.39036***	0.46884***	0.50543***
	(0.012)	(0.012)	(0.009)	(0.012)	(0.014)	(0.013)	(0.013)	(0.013)	(0.014)	(0.014)	(0.014)	(0.015)	(0.016)	(0.016)	(0.015)	(0.016)	(0.015)	(0.015)	(0.015)
_Istate_23	-0.25866***	-0.19794***	0.00646	0.07311***	0.02436	0.22339***	0.12935***	0.17929***	0.15622***	0.12803**	0.13055***	0.06974	0.04670	0.07437	0.08678	0.09302	0.11015	0.21123***	0.22288**
	(0.027)	(0.028)	(0.015)	(0.006)	(0.019)	(0.028)	(0.038)	(0.035)	(0.049)	(0.051)	(0.038)	(0.054)	(0.060)	(0.056)	(0.061)	(0.057)	(0.068)	(0.081)	(0.090)
_Istate_24	-0.26692***	-0.04125	-0.06018	-0.04562	-0.17047	-0.03415	-0.11886	-0.13780	-0.16487	-0.25343	-0.32606	-0.41691**	-0.52264***	-0.46426***	-0.43408***	-0.47350***	-0.50783***	-0.44756**	-0.43876**
	(0.016)	(0.032)	(0.067)	(0.099)	(0.135)	(0.122)	(0.153)	(0.139)	(0.120)	(0.159)	(0.210)	(0.206)	(0.189)	(0.176)	(0.154)	(0.178)	(0.191)	(0.189)	(0.201)
_Istate_25	-0.28795**	-0.10365	-0.02381	-0.16750*	-0.20941***	-0.01880	-0.01221	-0.00487	-0.03541	-0.05757	-0.02628	-0.06773	-0.09959	-0.11447	-0.11162	-0.11993	-0.11470	-0.04811	-0.04306
	(0.117)	(0.104)	(0.121)	(0.096)	(0.056)	(0.070)	(0.111)	(0.102)	(0.094)	(0.083)	(0.110)	(0.117)	(0.123)	(0.115)	(0.126)	(0.129)	(0.139)	(0.133)	(0.133)
_Istate_26	-0.71096***	-0.20448***	0.02018	-0.37731***	-0.38023***	-0.10883**	-0.20921***	-0.07141	0.00159	-0.05701	-0.06459	-0.09377*	-0.09390*	-0.09668*	-0.08584	-0.06221	-0.04629	0.01794	0.03213
	(0.039)	(0.040)	(0.033)	(0.040)	(0.047)	(0.044)	(0.045)	(0.044)	(0.047)	(0.048)	(0.049)	(0.053)	(0.056)	(0.055)	(0.054)	(0.056)	(0.054)	(0.055)	(0.055)
Constant	-0.95243***	-0.95942***	-0.92245***	-0.91153***	-0.86213***	-1.03213***	-0.94820***	-0.95063***	-1.01637***	-0.95275***	-1.05473***	-1.09459***	-1.14634***	-1.18268***	-1.21002***	-1.28991***	-1.36971***	-1.45695***	-1.53687***
	(0.044)	(0.060)	(0.046)	(0.056)	(0.068)	(0.073)	(0.087)	(0.089)	(0.084)	(0.093)	(0.101)	(0.107)	(0.106)	(0.107)	(0.107)	(0.110)	(0.119)	(0.119)	(0.119)
																			
Observations	474	475	474	475	475	475	475	475	475	475	475	475	475	475	475	475	475	475	475
R-squared	0.145	0.207	0.166	0.105	0.150	0.201	0.192	0.179	0.227	0.237	0.265	0.295	0.323	0.339	0.336	0.353	0.359	0.374	0.384
Robust standard errors in parentheses																			
*** p<0.01, ** p<0.05, * p<0.1																			
